18 18 8 4
2 5 7 9 12 14 16 18
7 14 6 13 5 12 4 11 3 10 2 9 1 8 15 7 14
12 5 11 4 10 3 9 2 8 1 7 14 6 13 5 12
6 13 5 12 4 11 3 10 2 9 1 8 15 7 14
11 4 10 3 9 2 8 1 7 14 6 13 5 12
5 12 4 11 3 10 2 9 1 8 15 7 14
10 3 9 2 8 1 7 14 6 13 5 12
4 11 3 10 2 9 1 8 15 7 14
9 2 8 1 7 14 6 13 5 12
3 10 2 9 1 8 15 7 14
8 1 7 14 6 13 5 12
2 9 1 8 15 7 14
7 14 6 13 5 12
1 8 15 7 14
6 13 5 12
15 7 14
5 12
14
1 4 2 6 1 2 3 4 5 6
2 5 3 6 2 3 4 7 8 9
3 6 2 6 5 6 7 10 11 12
4 4 4 6 8 9 10 13 14 15
1 7 2 6 11 12 13 16 17 18
2 3 5 6 1 5 9 13 17 18
3 6 3 6 2 6 10 14 16 18
4 5 4 6 3 7 11 12 15 17
1 4 5 6 4 8 9 10 14 18
2 7 2 6 1 6 11 13 15 16
3 5 4 6 2 5 8 12 17 18
4 6 3 6 3 6 9 14 16 17
1 3 6 6 4 7 10 11 15 18
2 8 2 6 1 8 12 13 16 17
3 4 5 6 2 9 10 14 15 18
4 5 3 6 3 5 11 12 16 18
1 6 4 6 4 6 13 14 17 18
2 4 6 6 1 2 15 16 17 18
